1.995262314968878854e+04 1.928286946913224824e+02 9.999971004345341585e-01
2.043359717856939460e+04 1.880715686822789507e+02 9.999970267063850171e-01
2.092616547326272484e+04 1.834452553590247135e+02 9.999969571044501349e-01
2.143060752287134528e+04 1.789461519470482642e+02 9.999968799978196099e-01
2.194720955380757732e+04 1.745707564284243745e+02 9.999968078549044126e-01
2.247626469220161744e+04 1.703156561798069504e+02 9.999967302719894313e-01
2.301807313022465314e+04 1.661775870338320544e+02 9.999966544755403142e-01
2.357294229642174832e+04 1.621532944272633188e+02 9.999965787185601807e-01
2.414118703015030042e+04 1.582396764628294079e+02 9.999964996364739678e-01
2.472312976022350267e+04 1.544337104109256700e+02 9.999964208471422422e-01
2.531910068786061674e+04 1.507324128418686939e+02 9.999963409365787426e-01
2.592943797404667202e+04 1.471329003425449571e+02 9.999962603876335621e-01
2.655448793140937414e+04 1.436324294000145017e+02 9.999961774349549470e-01
2.719460522072086678e+04 1.402282221706232974e+02 9.999960942948167286e-01
2.785015305213629472e+04 1.369176905787442706e+02 9.999960104860232679e-01
2.852150339128388077e+04 1.336982214669944540e+02 9.999959294903859597e-01
2.920903717032249915e+04 1.305673440239607146e+02 9.999958354707785269e-01
2.991314450408691118e+04 1.275226143849702680e+02 9.999957523792775138e-01
3.063422491144392188e+04 1.245616674056654460e+02 9.999956628019911475e-01
3.137268754198395618e+04 1.216822108443778063e+02 9.999955729074735400e-01
3.212895140817719948e+04 1.188820185165370589e+02 9.999954826439959588e-01
3.290344562312664493e+04 1.161589161756368469e+02 9.999953823913114714e-01
3.369660964405175764e+04 1.135107737150863727e+02 9.999952964724472260e-01
3.450889352164152660e+04 1.109355430595890368e+02 9.999951892554294064e-01
3.534075815541900374e+04 1.084312467351613094e+02 9.999951035070537841e-01
3.619267555526092474e+04 1.059959121326316591e+02 9.999949898651807612e-01
3.706512910922152514e+04 1.036276788854612505e+02 9.999948919440383444e-01
3.795861385781317949e+04 1.013246823728139248e+02 9.999947991934377001e-01
3.887363677489766997e+04 9.908516029983951512e+01 9.999947082007534238e-01
3.981071705534969078e+04 9.690736139035826113e+01 9.999945889963390844e-01
4.077038640965400555e+04 9.478961601846590668e+01 9.999944762436563384e-01
4.175318936560400471e+04 9.273026485461822688e+01 9.999943494155050239e-01
4.275968357727374678e+04 9.072772346698147317e+01 9.999942690195824380e-01
4.379044014143729146e+04 8.878043355792148361e+01 9.999941328031698440e-01
4.484604392161547003e+04 8.688689205562305062e+01 9.999940255217989460e-01
4.592709387993498967e+04 8.504563334140708264e+01 9.999938795565057603e-01
4.703420341698634729e+04 8.325522775356576233e+01 9.999937661379336706e-01
4.816800071987435513e+04 8.151429326895566874e+01 9.999936189612681492e-01
4.932912911865952628e+04 7.982148350525062597e+01 9.999935167179268003e-01
5.051824745139090373e+04 7.817549195597551659e+01 9.999933667148884764e-01
5.173603043793831603e+04 7.657503757091575380e+01 9.999932237797820589e-01
5.298316906283701974e+04 7.501889595534200339e+01 9.999930810937723846e-01
5.426037096736027888e+04 7.350586036566059533e+01 9.999929485745413515e-01
5.556836085104304948e+04 7.203476608156792338e+01 9.999928405323683656e-01
5.690788088288580911e+04 7.060446604944084470e+01 9.999926464789572478e-01
5.827969112246970326e+04 6.921387072933104889e+01 9.999924558777303352e-01
5.968456995122304215e+04 6.786189935798820727e+01 9.999922520672028803e-01
6.112331451408489374e+04 6.654753043265071710e+01 9.999921032956496925e-01
6.259674117181421025e+04 6.526973370072362002e+01 9.999918929259757894e-01
6.410568596420226095e+04 6.402754000229798237e+01 9.999917511482055987e-01
6.565100508445242303e+04 6.281998261799813577e+01 9.999915297274434289e-01
6.723357536499334674e+04 6.164614565098916898e+01 9.999913296637953364e-01
6.885429477500502253e+04 6.050513795379470849e+01 9.999911037680090375e-01
7.051408292993674695e+04 5.939607342788065836e+01 9.999908683550451372e-01
7.221388161330745788e+04 5.831810592987962849e+01 9.999906121344512844e-01
7.395465531108572031e+04 5.727042470528066076e+01 9.999903421630337297e-01
7.573739175895009248e+04 5.625222005103849909e+01 9.999899858836135413e-01
7.756310250274166174e+04 5.526273735590060454e+01 9.999897588125374881e-01
7.943282347242804826e+04 5.430121152381018135e+01 9.999894799539104095e-01
8.134761556990197278e+04 5.336692643134962566e+01 9.999892046911892374e-01
8.330856527094900957e+04 5.245915823753407636e+01 9.999887075299094263e-01
8.531678524172813923e+04 5.157725458108478733e+01 9.999883566085184805e-01
8.737341497011028696e+04 5.072054239031329814e+01 9.999879808006157944e-01
8.947962141223849903e+04 4.988839307239834397e+01 9.999877438242565919e-01
9.163659965467230359e+04 4.908017508977697219e+01 9.999873030187416134e-01
9.384557359249332512e+04 4.829530292515460133e+01 9.999869553961486801e-01
9.610779662375913176e+04 4.753319303434631848e+01 9.999864319691925685e-01
9.842455236069552484e+04 4.679327709527633772e+01 9.999856080234120759e-01
1.007971553580328764e+05 4.607506992575839178e+01 9.999853094913410123e-01
1.032269518589011714e+05 4.537800250204685426e+01 9.999845636425774842e-01
1.057153205587038829e+05 4.470161068005297267e+01 9.999838374455187751e-01
1.082636733874054044e+05 4.404540757819437857e+01 9.999830132790307191e-01
1.108734563106781716e+05 4.340895165449526871e+01 9.999822964888280818e-01
1.135461501503601612e+05 4.279180113436347455e+01 9.999814172848104921e-01
1.162832714246901014e+05 4.219354421212589301e+01 9.999805732677533587e-01
1.190863732087992685e+05 4.161380171934954575e+01 9.999799265512416824e-01
1.219570460159441427e+05 4.105215531640775595e+01 9.999786883526344816e-01
1.248969186999817466e+05 4.050829389009965098e+01 9.999775706572312517e-01
1.279076593796021625e+05 3.998186856297072467e+01 9.999761717987492027e-01
1.309909763848381699e+05 3.947260502845988128e+01 9.999750538718251702e-01
1.341486192263912235e+05 3.898018450431781190e+01 9.999735169781176491e-01
1.373823795883260900e+05 3.850436441301104651e+01 9.999719193413960650e-01
1.406940923446931120e+05 3.804489376820972524e+01 9.999697905044721002e-01
1.440856366006564058e+05 3.760157037167102345e+01 9.999672113293447406e-01
1.475589367587223824e+05 3.717425616918226439e+01 9.999648247234651510e-01
1.511159636106676480e+05 3.676283572876705108e+01 9.999631007752088907e-01
1.547587354557887593e+05 3.636712714212840325e+01 9.999608335015640614e-01
1.584893192461114086e+05 3.598706148186824549e+01 9.999578297297631035e-01
1.623098317592010135e+05 3.562260254435424400e+01 9.999540279528128517e-01
1.662224407992496854e+05 3.527385070543341072e+01 9.999510666177513496e-01
1.702293664271131565e+05 3.494075410004078464e+01 9.999465771629910682e-01
1.743328822199987189e+05 3.462344976278793496e+01 9.999407418436313533e-01
1.785353165615218459e+05 3.432213311621026719e+01 9.999338242122802756e-01
1.828390539628578117e+05 3.403719536961274628e+01 9.999282450678644851e-01
1.872465364157405274e+05 3.376894776934395992e+01 9.999233496924414544e-01
1.917602647780798434e+05 3.351760529436374014e+01 9.999141361946327633e-01
1.963828001929769816e+05 3.328403090729329250e+01 9.999071541551447506e-01
2.011167655419463990e+05 3.306859165092271979e+01 9.998948780155840765e-01
2.059648469331725792e+05 3.287225024080061786e+01 9.998796007639220162e-01
2.109297952256366261e+05 3.269651041312227591e+01 9.998705728750243438e-01
2.160144275899890927e+05 3.254180615547429767e+01 9.998491184306538271e-01
2.212216291070450097e+05 3.241036044429596785e+01 9.998287927708450207e-01
2.265543544048115436e+05 3.230433297872219356e+01 9.998144390736375398e-01
2.320156293349816406e+05 3.222512167132937577e+01 9.997828044564118777e-01
2.376085526898372045e+05 3.217620396901286739e+01 9.997459611762414822e-01
2.433362979605387955e+05 3.216154167361369076e+01 9.997088518645965705e-01
2.492021151378054346e+05 3.218505824359698408e+01 9.996554694793623463e-01
2.552093325559963414e+05 3.225294892439190164e+01 9.995921159492718866e-01
2.613613587816459476e+05 3.237311937871298539e+01 9.995256178348036480e-01
2.676616845475279843e+05 3.255442898199036961e+01 9.994348065824091298e-01
2.741138847333373269e+05 3.280912021232353482e+01 9.993014332869201155e-01
2.807216203941175481e+05 3.315408305376271869e+01 9.991146019745945628e-01
2.874886408375903266e+05 3.361607003304212782e+01 9.989278906336926944e-01
2.944187857515554060e+05 3.422377316029005101e+01 9.986301258612633180e-01
3.015159873825735995e+05 3.502388937009546055e+01 9.981667332134257498e-01
3.087842727671734174e+05 3.609593735419583993e+01 9.976313182282361414e-01
3.162277660168379080e+05 3.753999722723263943e+01 9.966699824241321837e-01
3.238506906580726500e+05 3.954878870740152763e+01 9.952043490766330214e-01
3.316573720288883196e+05 4.245241817232413695e+01 9.927754815429814528e-01
3.396522397330473759e+05 4.689148530608495236e+01 9.882725870914748079e-01
3.478398301534715574e+05 5.428107829003067053e+01 9.786085372489696788e-01
3.562247890262436704e+05 6.845171603086268419e+01 9.536432338902344208e-01
3.648118740766514093e+05 1.031386822256665994e+02 8.597531384744114824e-01
3.736059577187749092e+05 1.194614619911126994e+02 8.023425865292392878e-01
3.826120298201566911e+05 7.257612933510714015e+01 9.444182822955793366e-01
3.918352005331100663e+05 5.469983646917845732e+01 9.773488851486580309e-01
4.012807031942771864e+05 4.572312813332587211e+01 9.891210145109179397e-01
4.109538972940926906e+05 4.038424894185392588e+01 9.940297298318598873e-01
4.208602715178153012e+05 3.687972671302390637e+01 9.964425665881052607e-01
4.310054468598788953e+05 3.442708326866291202e+01 9.979344407039965059e-01
4.413951798133093398e+05 3.261014654751122777e+01 9.986408417202975452e-01
4.520353656360240420e+05 3.122830184923528307e+01 9.991710633089257998e-01
4.629320416958777350e+05 3.014435349525893670e+01 9.994722372203347360e-01
4.740913908963293652e+05 2.927965841588178364e+01 9.996478726766624412e-01
4.855197451847015182e+05 2.858244125101267130e+01 9.997501278935686519e-01
4.972235891449997434e+05 2.801877661605904990e+01 9.998234229395465134e-01
5.092095636773397564e+05 2.756379664990957679e+01 9.998560858432722354e-01
5.214844697660785750e+05 2.720150355822266164e+01 9.998552941054008603e-01
5.340552723387714941e+05 2.692241522246193952e+01 9.998459557387276986e-01
5.469291042181510711e+05 2.671949767889825367e+01 9.998025642402745827e-01
5.601132701693818672e+05 2.659148430122139573e+01 9.997453487944806261e-01
5.736152510448681423e+05 2.653956368740425020e+01 9.996593244941355261e-01
5.874427080289748264e+05 2.656982354168279059e+01 9.995470493666230860e-01
6.016034869850809919e+05 2.669295502389170593e+01 9.993940429505188128e-01
6.161056229074134026e+05 2.692758625493663160e+01 9.992016089776933896e-01
6.309573444801929872e+05 2.730264912606816097e+01 9.989572310915041387e-01
6.461670787466962356e+05 2.786034273050757193e+01 9.985489137174942131e-01
6.617434558908557519e+05 2.867948009247768937e+01 9.980134532052697960e-01
6.776953141341246665e+05 2.988464807480938035e+01 9.971465038288938043e-01
6.940317047503972426e+05 3.172645466339329090e+01 9.959555453232427080e-01
7.107618972018049099e+05 3.467157935108897249e+01 9.933073871045318137e-01
7.278953843983146362e+05 3.990120613734642063e+01 9.874662654432416753e-01
7.454418880841278005e+05 5.111178405551069659e+01 9.719300001636140829e-01
7.634113643539091572e+05 8.588193483613584078e+01 8.869341515020465749e-01
7.818140093019879423e+05 9.129449288214978253e+01 8.695473404975033738e-01
8.006602648077530321e+05 5.139986236519531104e+01 9.696791068386760859e-01
8.199608244604942156e+05 3.910273976525255790e+01 9.874976124899892405e-01
8.397266396270670230e+05 3.336385211159960562e+01 9.932900100905970309e-01
8.599689256658380618e+05 3.011111510152079873e+01 9.958698285168360309e-01
8.806991682904080953e+05 2.804231759589302442e+01 9.969470279047593086e-01
9.019291300867368700e+05 2.666125162200627230e+01 9.977896245686563859e-01
9.236708571873846231e+05 2.570484227276412881e+01 9.983207635714672623e-01
9.459366861066257115e+05 2.504790615045930835e+01 9.986579069733971803e-01
9.687392507403276395e+05 2.462417686346943313e+01 9.987461093530707323e-01
9.920914895345869008e+05 2.442474055462028204e+01 9.988947157346195205e-01
1.016006652827141574e+06 2.446268588153053969e+01 9.990063077161954741e-01
1.040498310365784215e+06 2.480121365920157217e+01 9.988750125995290441e-01
1.065580359007992316e+06 2.562958377337872307e+01 9.987466878396812353e-01
1.091267030606163200e+06 2.738787113059743561e+01 9.979906523517229067e-01
1.117572900082952110e+06 3.155979446283750889e+01 9.957389419942701547e-01
1.144512893701238092e+06 4.608378307055605916e+01 9.799254056592433537e-01
1.172102297533479286e+06 8.664803785624144439e+01 8.880899466411222853e-01
1.200356766135204816e+06 3.563853631029807900e+01 9.920336060055578997e-01
1.229292331427588593e+06 2.739655459783583069e+01 9.978578542957727837e-01
1.258925411794166081e+06 2.411964131283158963e+01 9.990047133292545567e-01
1.289272821396813728e+06 2.234895858122197154e+01 9.993918578933177477e-01
1.320351779716294957e+06 2.122499639365982560e+01 9.995920596565559535e-01
1.352179921322815120e+06 2.043367460246663114e+01 9.996744798642953622e-01
1.384775305882077897e+06 1.983694850475708904e+01 9.996959198457272544e-01
1.418156428402545396e+06 1.936571061278967321e+01 9.997217331144931940e-01
1.452342229729743209e+06 1.897911573661573925e+01 9.997413792686383749e-01
1.487352107293511741e+06 1.865139944053887433e+01 9.997136386054974455e-01
1.523205926114331000e+06 1.836750161261534586e+01 9.996645118175014888e-01
1.559924030074984999e+06 1.811832879937281859e+01 9.996310509428003588e-01
1.597527253463916248e+06 1.789896725602640615e+01 9.996667680092201635e-01
1.636036932796836132e+06 1.769776986811331554e+01 9.996233186673944004e-01
1.675474918923339108e+06 1.751552119446549938e+01 9.996151449049057724e-01
1.715863589425323065e+06 1.734848656574333603e+01 9.996257472789801257e-01
1.757225861314285779e+06 1.719196474788683560e+01 9.995948187986594125e-01
1.799585204034729628e+06 1.704525541876904882e+01 9.995534100426960444e-01
1.842965652780993609e+06 1.690653481417505333e+01 9.994966914206550035e-01
1.887391822135095717e+06 1.678270637244748542e+01 9.996155481572988055e-01
1.932888920033363160e+06 1.665614754484276006e+01 9.994969550609074105e-01
1.979482762069703080e+06 1.653742758396761303e+01 9.994421609682756502e-01
2.027199786143664503e+06 1.642537184691384411e+01 9.994223065337048961e-01
2.076067067461641505e+06 1.631486646139285313e+01 9.993476616481964392e-01
2.126112333899655379e+06 1.621495173750588137e+01 9.994020333712690940e-01
2.177363981736471877e+06 1.610990093360695141e+01 9.992916700765519522e-01
2.229851091765990015e+06 1.601707901171632642e+01 9.993557260836335443e-01
2.283603445798062719e+06 1.591700628778925974e+01 9.992344439783228394e-01
2.338651543556996156e+06 1.583362995909398130e+01 9.993893302724685679e-01
2.395026619987481274e+06 1.574471677062672725e+01 9.993990001386937605e-01
2.452760662977700587e+06 1.564910235981806252e+01 9.992263515878794244e-01
2.511886431509582326e+06 1.556639307609679435e+01 9.992868113839936672e-01
2.572437474246658850e+06 1.548070650175989549e+01 9.992621604497579080e-01
2.634448148570013698e+06 1.539250784080571322e+01 9.991675205401338022e-01
2.697953640073001850e+06 1.531818194366043251e+01 9.993382591289194927e-01
2.762989982526011765e+06 1.523345417384150480e+01 9.992667551231778633e-01
2.829594078322459944e+06 1.513588200055876243e+01 9.989668167201779525e-01
2.897803719417636283e+06 1.507034820571093370e+01 9.992345008463771050e-01
2.967657608772292733e+06 1.498069175171792544e+01 9.990499366313613239e-01
3.039195382313194685e+06 1.490524468712915684e+01 9.991341615968675205e-01
3.112457631423003972e+06 1.482090450945076121e+01 9.990511344566853635e-01
3.187485925972288009e+06 1.475162138155424607e+01 9.992850488071128856e-01
3.264322837906799279e+06 1.465192297381756248e+01 9.989014382168949213e-01
3.343011965403283015e+06 1.458224650127611177e+01 9.990944081427357570e-01
3.423597957607579883e+06 1.450624404432386427e+01 9.992079825176325425e-01
3.506126539969123900e+06 1.439695197647318636e+01 9.987169097330046430e-01
3.590644540186084341e+06 1.431190706992905248e+01 9.986736961293444237e-01
3.677199914775935933e+06 1.423138142506635084e+01 9.987029777048531676e-01
3.765841776286601555e+06 1.414547282265726480e+01 9.986694271443421478e-01
3.856620421163472347e+06 1.405262627856395241e+01 9.985566963517646943e-01
3.949587358288185671e+06 1.399586870505358860e+01 9.990110901415389932e-01
4.044795338205423672e+06 1.390152970325381609e+01 9.988699019712790061e-01
4.142298383054174948e+06 1.381928288158314899e+01 9.989781938164807862e-01
4.242151817220512778e+06 1.370351397018299089e+01 9.985500482619383833e-01
4.344412298729359172e+06 1.360994795810836244e+01 9.985072854751920746e-01
4.449137851392899640e+06 1.355953620292611816e+01 9.992950664181581288e-01
4.556387897733950987e+06 1.341441098870467918e+01 9.983729393639849681e-01
4.666223292703065090e+06 1.334657563748228881e+01 9.987562155607581094e-01
4.778706358208320104e+06 1.323493685311754575e+01 9.985260939084238396e-01
4.893900918477488682e+06 1.312940615342189332e+01 9.984261029065859550e-01
5.011872336272714660e+06 1.303103384081843785e+01 9.984456266916965639e-01
5.132687549978095107e+06 1.290762625284017417e+01 9.981776571403582210e-01
5.256415111581292935e+06 1.283752717484129313e+01 9.986147496111785760e-01
5.383125225570759736e+06 1.270010261651698258e+01 9.981880853789305563e-01
5.512889788770671934e+06 1.264789474304470929e+01 9.990644792955476472e-01
5.645782431135913357e+06 1.253296214508920237e+01 9.989369974984960709e-01
5.781878557530649006e+06 1.239248266970103529e+01 9.984392571375255709e-01
5.921255390514011495e+06 1.227059679998153108e+01 9.983208181876573883e-01
6.063992014156964608e+06 1.220509295397239491e+01 9.992671892050624116e-01
6.210169418915603310e+06 1.204326999835217471e+01 9.983873497686022169e-01
6.359870547586187720e+06 1.196651919420357046e+01 9.992102630982648837e-01
6.513180342367714271e+06 1.182694824342799578e+01 9.987773736648074552e-01
6.670185793059215881e+06 1.166247264078032408e+01 9.981644330507145613e-01
6.830975986418825574e+06 1.152219623940698945e+01 9.979897080640253160e-01
6.995642156712633558e+06 1.146916354179898967e+01 9.992283271322609517e-01
7.164277737482051365e+06 1.130911331112522156e+01 9.985624253750787771e-01
7.336978414559197612e+06 1.120167793673120826e+01 9.990378024798539647e-01
7.513842180360134691e+06 1.107859184428054888e+01 9.993673015856510133e-01
7.694969389486881904e+06 1.086074721632584783e+01 9.979269793759337759e-01
7.880462815669904463e+06 1.074846602810294272e+01 9.982195703566677514e-01
8.070427710083099082e+06 1.059201468401396973e+01 9.980063631517128719e-01
8.264971861064516008e+06 1.051965539734928790e+01 9.991297195993682490e-01
8.464205655276836827e+06 1.032584816848981113e+01 9.982126871296649329e-01
8.668242140342028812e+06 1.022893882775354868e+01 9.990192872964325232e-01
8.877197088985860348e+06 1.007742333307225380e+01 9.988859058481732722e-01
9.091189064728826284e+06 9.938753192085723498e+00 9.990928509126232315e-01
9.310339489160439000e+06 9.750196793278391283e+00 9.983569893737533896e-01
9.534772710835233331e+06 9.619875454976526186e+00 9.986696135398333007e-01
9.764616075829716399e+06 9.487198581293325717e+00 9.990626695333441054e-01
1.000000000000000000e+07 9.327195782050427653e+00 9.988951677504266380e-01
1.024105804298123531e+07 9.126572631914310563e+00 9.981731782596232616e-01
1.048792698397106677e+07 8.951477825405085298e+00 9.979517964135454777e-01
1.074074689933970384e+07 8.852131249842210892e+00 9.987063504530014901e-01
1.099966124211086519e+07 8.640058843049969184e+00 9.979831798041651769e-01
1.126481692335884459e+07 8.552045063277731174e+00 9.989892150304388041e-01
1.153636439556754753e+07 8.382332140172106705e+00 9.987655786283341497e-01
1.181445773799894005e+07 8.196653993815884220e+00 9.983659871011263398e-01
1.209925474411959387e+07 8.036297149277539020e+00 9.983539227329941701e-01
1.239091701113450900e+07 7.845267140413850093e+00 9.979962009152526514e-01
1.268961003167923354e+07 7.742067880115363288e+00 9.987138145759402175e-01
1.299550328772237338e+07 7.600967054805478185e+00 9.990788774785672732e-01
1.330877034673185833e+07 7.411128851423079311e+00 9.985218603251406755e-01
1.362958896015887335e+07 7.272316930883566677e+00 9.988663545270235478e-01
1.395814116429630108e+07 7.126033345153254039e+00 9.991648030985565976e-01
1.429461338356843963e+07 6.973392742882914774e+00 9.993682703543552703e-01
1.463919653631010838e+07 6.795023059643730434e+00 9.988316093753348834e-01
1.499208614309613779e+07 6.611332710302355586e+00 9.983708825617864102e-01
1.535348243768225610e+07 6.450594262048065630e+00 9.983031219700190251e-01
1.572359048061973415e+07 6.311985836274608630e+00 9.985801316083188217e-01
1.610262027560939267e+07 6.099700147825710239e+00 9.977651045466984225e-01
1.649078688866022974e+07 5.944587965536456409e+00 9.977387871233058814e-01
1.688831057012036815e+07 5.814859516034242226e+00 9.980174026968301471e-01
1.729541687964962423e+07 5.611629349607968997e+00 9.974033293711813686e-01
1.771233681420492008e+07 5.486025813203049495e+00 9.976615740119217923e-01
1.813930693911063299e+07 5.426076092870188106e+00 9.992908496623609249e-01
1.857656952228842676e+07 5.223635506814745533e+00 9.980923333493453287e-01
1.902437267172319815e+07 5.080709606302272974e+00 9.981298922790490247e-01
1.948297047624237090e+07 4.894630233263207231e+00 9.975609619945710049e-01
1.995262314968878776e+07 4.788314929169119161e+00 9.980250168337260197e-01
2.043359717856939510e+07 4.595396862847127117e+00 9.973526828797792954e-01
2.092616547326272354e+07 4.493980775895990654e+00 9.977888010137700991e-01
2.143060752287134528e+07 4.428662600864033294e+00 9.991881442767858168e-01
2.194720955380757526e+07 4.244049655334049653e+00 9.980690548883417446e-01
2.247626469220161811e+07 4.113236462616255196e+00 9.980780205256108983e-01
2.301807313022465259e+07 3.997654308028288916e+00 9.983079803745464886e-01
2.357294229642174765e+07 3.817253500620309659e+00 9.975169435589849032e-01
2.414118703015029803e+07 3.724570444993006380e+00 9.979434632368940905e-01
2.472312976022350043e+07 3.621013060041862186e+00 9.982425515278381400e-01
2.531910068786056340e+07 3.434816144931601922e+00 9.973049593884932840e-01
2.592943797404666990e+07 3.333624338820595501e+00 9.974865809311315168e-01
2.655448793140937388e+07 3.223453280428238532e+00 9.975340691092285939e-01
2.719460522072081268e+07 3.072620693058343289e+00 9.970762362270052526e-01
2.785015305213629454e+07 3.083983133172234492e+00 9.990471304335128977e-01
2.852150339128388092e+07 2.910358289703645962e+00 9.977107459987851756e-01
2.920903717032244056e+07 2.880091624959486563e+00 9.992958591162203197e-01
2.991314450408691168e+07 2.725704793159104522e+00 9.980121518862707930e-01
3.063422491144398600e+07 2.586529852599130042e+00 9.974279003364791008e-01
3.137268754198389128e+07 2.582854827592725222e+00 9.992375905938596370e-01
3.212895140817720070e+07 2.484740179356524248e+00 9.990576032689927333e-01
3.290344562312671170e+07 2.326191489850478522e+00 9.976738454853761873e-01
3.369660964405168593e+07 2.280560036506576349e+00 9.983929227875650847e-01
3.450889352164153010e+07 2.144807370869961094e+00 9.975553606803203577e-01
3.534075815541907400e+07 2.032398530945947357e+00 9.971787262638770466e-01
3.619267555526085198e+07 2.031027600451146942e+00 9.983737921495945411e-01
3.706512910922152549e+07 1.950940557638007888e+00 9.983273614404143403e-01
3.795861385781317949e+07 1.812082841836948122e+00 9.973255091111857817e-01
3.887363677489767224e+07 1.834038569909723027e+00 9.992119180215104368e-01
3.981071705534969270e+07 1.697768936325328104e+00 9.977231276957380102e-01
